_C_62bf5678_0 8c 0 58 0 0 2e747874 0 74696e67 0 746573 
_C_506559e2_0 8c 0 238 0 0 743a2564 0 735f6f75 0 70696b65 0 20202073 0 20256420 0 6f6c643a 0 72657368 0 20207468 0 64202020 0 6d3a2025 0 20207375 0 25622020 0 74733a20 0 65696768 0 20202077 0 20256220 0 6b65733a 0 737069 
_C_ce602389_0 8c 0 8 0 0 77 
_C_ed980e7f_0 8c 0 8 0 0 72 
_C_e493c4a0_0 8c 0 18 0 0 25640a 
_C_57b553ce_0 8c 0 10 0 0 2564 
_C_2d87a98e_0 8c 0 c0 0 0 3a202562 0 2531645d 0 6b65735b 0 20737069 0 65206f66 0 76616c75 
_C_e4f13aac_0 8c 0 b8 0 0 3a202562 0 5b25645d 0 696b6573 0 66207370 0 7565206f 0 76616c 
_C_f904149b_0 8c 0 98 0 0 2e637376 0 696b6573 0 675f7370 0 696e696e 0 747261 
_C_1f000baf_0 84 0 3 0 7 7 
_C_a9abdf60_0 8c 0 18 0 0 25620a 
_C_d5710685_0 8c 0 98 0 0 3a202564 0 696b6573 0 66207370 0 7565206f 0 76616c 
_C_7a12d262_0 8c 0 98 0 0 3a202562 0 696b6573 0 66207370 0 7565206f 0 76616c 
_C_d838a7d9_0 84 0 18 0 0 7 
_C_c11b6776_0 84 0 18 0 ffffff ffffff 
_C_ef0f67b3_0 84 0 18 0 0 0 
_C_a4522b0a_0 94 0 20 0 0 17 
_C_22d47ea_0 94 0 20 0 0 7 
_C_351a8780_0 94 0 20 0 0 0 
_C_21d56a1c_0 94 0 20 0 0 2 
_C_ea05d956_0 8c 0 98 0 0 2e747874 0 696b6573 0 675f7370 0 696e696e 0 747261 
